2
body,1,Match,358,126,468,412
body,2,Match,28,146,142,414
