1
body,1,Match,564,118,717,431
