2
body,1,Match,246,108,368,423
body,0,Match,0,118,107,428
