2
body,2,Match,378,115,492,429
body,3,Match,13,129,134,428
